{
  "nbformat": 4,
  "nbformat_minor": 0,
  "metadata": {
    "colab": {
      "provenance": []
    },
    "kernelspec": {
      "name": "python3",
      "display_name": "Python 3"
    },
    "language_info": {
      "name": "python"
    }
  },
  "cells": [
    {
      "cell_type": "markdown",
      "source": [
        "5"
      ],
      "metadata": {
        "id": "-0bLRN4WWnEv"
      }
    },
    {
      "cell_type": "code",
      "execution_count": 4,
      "metadata": {
        "colab": {
          "base_uri": "https://localhost:8080/"
        },
        "id": "WzLRxAC2Wjbd",
        "outputId": "09fc0ae3-837f-42e0-a7db-ed403f3d863d"
      },
      "outputs": [
        {
          "output_type": "stream",
          "name": "stdout",
          "text": [
            "1\n",
            "[2. 9. 5.]\n",
            "2\n",
            "[-0.78947368  6.8         3.40909091]\n",
            "3\n",
            "[0.02822967 7.93062201 4.21626794]\n",
            "4\n",
            "[-0.38816419  7.47649761  3.91341888]\n",
            "5\n",
            "[-0.22878565  7.66880204  4.05105291]\n",
            "6\n",
            "[-0.2997355   7.58737808  3.99585166]\n",
            "7\n",
            "[-0.27082725  7.6214405   4.0198549 ]\n",
            "8\n",
            "[-0.28325607  7.60701769  4.00995398]\n",
            "\n",
            "[-0.28325607  7.60701769  4.00995398]\n"
          ]
        }
      ],
      "source": [
        "import numpy as np\n",
        "\n",
        "P = np.array([[0, -2 / 19, -7/ 19],\n",
        "             [-1 / 5, 0, -9 / 25],\n",
        "             [-4 / 22, -3 / 22, 0]])\n",
        "b = np.array([2,9,5])\n",
        "\n",
        "x = np.array([0, 0, 0])\n",
        "i = 1\n",
        "while np.any(np.abs(P @ x + b - x) > 0.01):\n",
        "    print(i)\n",
        "    i += 1\n",
        "    x = P @ x + b\n",
        "    print(x)\n",
        "print()\n",
        "print(x)"
      ]
    },
    {
      "cell_type": "markdown",
      "source": [
        "6"
      ],
      "metadata": {
        "id": "57WNicgyW411"
      }
    },
    {
      "cell_type": "code",
      "source": [
        "A = np.array([[1,1,0,1,0],\n",
        "              [1,0,1,0,0],\n",
        "              [0,1,1,0,0],\n",
        "              [1,1,1,1,0],\n",
        "              [1,0,0,1,1]])\n",
        "\n",
        "sum = np.sum(A, axis=0)\n",
        "P = A / sum\n",
        "print(P)\n",
        "\n",
        "beta = 0.15\n",
        "Q = (1 - beta) * P + beta / P.shape[0] * np.ones(P.shape)\n",
        "x = np.ones(P.shape[0]) / P.shape[0]\n",
        "for i in range(20):\n",
        "    print(x)\n",
        "    x = Q @ x"
      ],
      "metadata": {
        "colab": {
          "base_uri": "https://localhost:8080/"
        },
        "id": "2xHkcxHCW6AQ",
        "outputId": "dab8afaa-fea5-48ed-8383-3a29780e4ba8"
      },
      "execution_count": 8,
      "outputs": [
        {
          "output_type": "stream",
          "name": "stdout",
          "text": [
            "[[0.25       0.33333333 0.         0.33333333 0.        ]\n",
            " [0.25       0.         0.33333333 0.         0.        ]\n",
            " [0.         0.33333333 0.33333333 0.         0.        ]\n",
            " [0.25       0.33333333 0.33333333 0.33333333 0.        ]\n",
            " [0.25       0.         0.         0.33333333 1.        ]]\n",
            "[0.2 0.2 0.2 0.2 0.2]\n",
            "[0.18583333 0.12916667 0.14333333 0.2425     0.29916667]\n",
            "[0.17479514 0.11010069 0.10720833 0.21540625 0.39248958]\n",
            "[0.15937093 0.09751966 0.09157089 0.18974663 0.46179188]\n",
            "[0.14525844 0.08981141 0.08357566 0.17120353 0.51015097]\n",
            "[0.13482165 0.08454719 0.07912634 0.15850142 0.54300341]\n",
            "[0.12751337 0.08106873 0.07637416 0.1499325  0.56511123]\n",
            "[0.12254694 0.07873594 0.07460882 0.14418629 0.57992201]\n",
            "[0.11920252 0.07718039 0.07344768 0.14034169 0.58982772]\n",
            "[0.11696179 0.07614071 0.07267795 0.13777197 0.59644757]\n",
            "[0.11546297 0.07544647 0.07216529 0.13605506 0.60087021]\n",
            "[0.11446131 0.07498271 0.07182333 0.13490815 0.60382449]\n",
            "[0.11379211 0.07467297 0.07159505 0.13414205 0.60579782]\n",
            "[0.11334508 0.07446609 0.07144261 0.13363034 0.60711589]\n",
            "[0.11304648 0.0743279  0.0713408  0.13328856 0.60799626]\n",
            "[0.11284704 0.0742356  0.0712728  0.13306027 0.60858429]\n",
            "[0.11271383 0.07417396 0.07122738 0.13290778 0.60897705]\n",
            "[0.11262485 0.07413278 0.07119705 0.13280594 0.60923939]\n",
            "[0.11256542 0.07410528 0.07117678 0.13273791 0.60941461]\n",
            "[0.11252572 0.07408691 0.07116325 0.13269248 0.60953165]\n"
          ]
        }
      ]
    }
  ]
}